0, 105, -8.600000, 60.300000
1, 105, -8.500000, 60.300000
2, 105, -8.400000, 60.300000
3, 105, -8.300000, 60.300000
4, 105, -8.200000, 60.300000
5, 105, -8.100000, 60.300000
6, 105, -8.000000, 60.300000
7, 105, -7.900000, 60.300000
8, 105, -7.800000, 60.300000
9, 105, -7.700000, 60.300000
10, 105, -7.600000, 60.300000
11, 105, -7.500000, 60.300000
12, 105, -7.400000, 60.300000
13, 105, -7.300000, 60.300000
14, 105, -7.200000, 60.300000
15, 105, -7.100000, 60.300000
16, 105, -7.000000, 60.300000
17, 105, -6.900000, 60.300000
18, 105, -6.800000, 60.300000
19, 105, -6.700000, 60.300000
20, 105, -6.600000, 60.300000
21, 105, -6.500000, 60.300000
22, 105, -6.400000, 60.300000
23, 105, -6.300000, 60.300000
24, 105, -6.200000, 60.300000
25, 105, -6.100000, 60.300000
26, 105, -6.000000, 60.300000
27, 105, -5.900000, 60.300000
28, 105, -5.800000, 60.300000
29, 105, -5.700000, 60.300000
30, 105, -5.600000, 60.300000
31, 105, -5.500000, 60.300000
32, 105, -5.400000, 60.300000
33, 105, -5.300000, 60.300000
34, 105, -5.200000, 60.300000
35, 105, -5.100000, 60.300000
36, 105, -5.000000, 60.300000
37, 105, -4.900000, 60.300000
38, 105, -4.800000, 60.300000
39, 105, -4.700000, 60.300000
40, 105, -4.600000, 60.300000
41, 105, -4.500000, 60.300000
42, 105, -4.400000, 60.300000
43, 105, -4.300000, 60.300000
44, 105, -4.200000, 60.300000
45, 105, -4.100000, 60.300000
46, 105, -4.000000, 60.300000
47, 105, -3.900000, 60.300000
48, 105, -3.800000, 60.300000
49, 105, -3.700000, 60.300000
50, 105, -3.600000, 60.300000
51, 105, -3.500000, 60.300000
52, 105, -3.400000, 60.300000
53, 105, -3.300000, 60.300000
54, 105, -3.200000, 60.300000
55, 105, -3.100000, 60.300000
56, 105, -3.000000, 60.300000
57, 105, -2.900000, 60.300000
58, 105, -2.800000, 60.300000
59, 105, -2.700000, 60.300000
60, 105, -2.600000, 60.300000
61, 105, -2.500000, 60.300000
62, 105, -2.400000, 60.300000
63, 105, -2.300000, 60.300000
64, 105, -2.200000, 60.300000
65, 105, -2.100000, 60.300000
66, 105, -2.000000, 60.300000
67, 105, -1.900000, 60.300000
68, 105, -1.800000, 60.300000
69, 105, -1.700000, 60.300000
70, 105, -1.600000, 60.300000
71, 105, -1.500000, 60.300000
72, 105, -1.400000, 60.300000
73, 105, -1.300000, 60.300000
74, 105, -1.200000, 60.300000
75, 105, -1.100000, 60.300000
76, 105, -1.000000, 60.300000
77, 105, -0.900000, 60.300000
78, 105, -0.800000, 60.300000
79, 105, -0.700000, 60.300000
80, 105, -0.600000, 60.300000
81, 105, -0.500000, 60.300000
82, 105, -0.400000, 60.300000
83, 0, -0.300000, 49.800000
83, 105, -0.300000, 60.300000
84, 0, -0.200000, 49.800000
84, 105, -0.200000, 60.300000
85, 0, -0.100000, 49.800000
85, 1, -0.100000, 49.900000
85, 105, -0.100000, 60.300000
86, 0, 0.000000, 49.800000
86, 1, 0.000000, 49.900000
86, 105, 0.000000, 60.300000
87, 0, 0.100000, 49.800000
87, 1, 0.100000, 49.900000
87, 2, 0.100000, 50.000000
87, 105, 0.100000, 60.300000
88, 0, 0.200000, 49.800000
88, 1, 0.200000, 49.900000
88, 2, 0.200000, 50.000000
88, 3, 0.200000, 50.100000
88, 105, 0.200000, 60.300000
89, 0, 0.300000, 49.800000
89, 1, 0.300000, 49.900000
89, 2, 0.300000, 50.000000
89, 3, 0.300000, 50.100000
89, 105, 0.300000, 60.300000
90, 0, 0.400000, 49.800000
90, 1, 0.400000, 49.900000
90, 2, 0.400000, 50.000000
90, 3, 0.400000, 50.100000
90, 4, 0.400000, 50.200000
90, 105, 0.400000, 60.300000
91, 0, 0.500000, 49.800000
91, 1, 0.500000, 49.900000
91, 2, 0.500000, 50.000000
91, 3, 0.500000, 50.100000
91, 4, 0.500000, 50.200000
91, 105, 0.500000, 60.300000
92, 0, 0.600000, 49.800000
92, 1, 0.600000, 49.900000
92, 2, 0.600000, 50.000000
92, 3, 0.600000, 50.100000
92, 4, 0.600000, 50.200000
92, 5, 0.600000, 50.300000
92, 105, 0.600000, 60.300000
93, 0, 0.700000, 49.800000
93, 1, 0.700000, 49.900000
93, 2, 0.700000, 50.000000
93, 3, 0.700000, 50.100000
93, 4, 0.700000, 50.200000
93, 5, 0.700000, 50.300000
93, 6, 0.700000, 50.400000
93, 105, 0.700000, 60.300000
94, 0, 0.800000, 49.800000
94, 1, 0.800000, 49.900000
94, 2, 0.800000, 50.000000
94, 3, 0.800000, 50.100000
94, 4, 0.800000, 50.200000
94, 5, 0.800000, 50.300000
94, 6, 0.800000, 50.400000
94, 105, 0.800000, 60.300000
95, 0, 0.900000, 49.800000
95, 1, 0.900000, 49.900000
95, 2, 0.900000, 50.000000
95, 3, 0.900000, 50.100000
95, 4, 0.900000, 50.200000
95, 5, 0.900000, 50.300000
95, 6, 0.900000, 50.400000
95, 7, 0.900000, 50.500000
95, 105, 0.900000, 60.300000
96, 0, 1.000000, 49.800000
96, 1, 1.000000, 49.900000
96, 2, 1.000000, 50.000000
96, 3, 1.000000, 50.100000
96, 4, 1.000000, 50.200000
96, 5, 1.000000, 50.300000
96, 6, 1.000000, 50.400000
96, 7, 1.000000, 50.500000
96, 105, 1.000000, 60.300000
97, 0, 1.100000, 49.800000
97, 1, 1.100000, 49.900000
97, 2, 1.100000, 50.000000
97, 3, 1.100000, 50.100000
97, 4, 1.100000, 50.200000
97, 5, 1.100000, 50.300000
97, 6, 1.100000, 50.400000
97, 7, 1.100000, 50.500000
97, 8, 1.100000, 50.600000
97, 105, 1.100000, 60.300000
98, 0, 1.200000, 49.800000
98, 1, 1.200000, 49.900000
98, 2, 1.200000, 50.000000
98, 3, 1.200000, 50.100000
98, 4, 1.200000, 50.200000
98, 5, 1.200000, 50.300000
98, 6, 1.200000, 50.400000
98, 7, 1.200000, 50.500000
98, 8, 1.200000, 50.600000
98, 9, 1.200000, 50.700000
98, 105, 1.200000, 60.300000
99, 0, 1.300000, 49.800000
99, 1, 1.300000, 49.900000
99, 2, 1.300000, 50.000000
99, 3, 1.300000, 50.100000
99, 4, 1.300000, 50.200000
99, 5, 1.300000, 50.300000
99, 6, 1.300000, 50.400000
99, 7, 1.300000, 50.500000
99, 8, 1.300000, 50.600000
99, 9, 1.300000, 50.700000
99, 105, 1.300000, 60.300000
100, 0, 1.400000, 49.800000
100, 1, 1.400000, 49.900000
100, 2, 1.400000, 50.000000
100, 3, 1.400000, 50.100000
100, 4, 1.400000, 50.200000
100, 5, 1.400000, 50.300000
100, 6, 1.400000, 50.400000
100, 7, 1.400000, 50.500000
100, 8, 1.400000, 50.600000
100, 9, 1.400000, 50.700000
100, 10, 1.400000, 50.800000
100, 105, 1.400000, 60.300000
101, 0, 1.500000, 49.800000
101, 1, 1.500000, 49.900000
101, 2, 1.500000, 50.000000
101, 3, 1.500000, 50.100000
101, 4, 1.500000, 50.200000
101, 5, 1.500000, 50.300000
101, 6, 1.500000, 50.400000
101, 7, 1.500000, 50.500000
101, 8, 1.500000, 50.600000
101, 9, 1.500000, 50.700000
101, 10, 1.500000, 50.800000
101, 105, 1.500000, 60.300000
102, 0, 1.600000, 49.800000
102, 1, 1.600000, 49.900000
102, 2, 1.600000, 50.000000
102, 3, 1.600000, 50.100000
102, 4, 1.600000, 50.200000
102, 5, 1.600000, 50.300000
102, 6, 1.600000, 50.400000
102, 7, 1.600000, 50.500000
102, 8, 1.600000, 50.600000
102, 9, 1.600000, 50.700000
102, 10, 1.600000, 50.800000
102, 11, 1.600000, 50.900000
102, 105, 1.600000, 60.300000
103, 0, 1.700000, 49.800000
103, 1, 1.700000, 49.900000
103, 2, 1.700000, 50.000000
103, 3, 1.700000, 50.100000
103, 4, 1.700000, 50.200000
103, 5, 1.700000, 50.300000
103, 6, 1.700000, 50.400000
103, 7, 1.700000, 50.500000
103, 8, 1.700000, 50.600000
103, 9, 1.700000, 50.700000
103, 10, 1.700000, 50.800000
103, 11, 1.700000, 50.900000
103, 12, 1.700000, 51.000000
103, 105, 1.700000, 60.300000
104, 0, 1.800000, 49.800000
104, 1, 1.800000, 49.900000
104, 2, 1.800000, 50.000000
104, 3, 1.800000, 50.100000
104, 4, 1.800000, 50.200000
104, 5, 1.800000, 50.300000
104, 6, 1.800000, 50.400000
104, 7, 1.800000, 50.500000
104, 8, 1.800000, 50.600000
104, 9, 1.800000, 50.700000
104, 10, 1.800000, 50.800000
104, 11, 1.800000, 50.900000
104, 12, 1.800000, 51.000000
104, 13, 1.800000, 51.100000
104, 14, 1.800000, 51.200000
104, 15, 1.800000, 51.300000
104, 16, 1.800000, 51.400000
104, 17, 1.800000, 51.500000
104, 18, 1.800000, 51.600000
104, 19, 1.800000, 51.700000
104, 20, 1.800000, 51.800000
104, 21, 1.800000, 51.900000
104, 22, 1.800000, 52.000000
104, 23, 1.800000, 52.100000
104, 24, 1.800000, 52.200000
104, 25, 1.800000, 52.300000
104, 26, 1.800000, 52.400000
104, 27, 1.800000, 52.500000
104, 28, 1.800000, 52.600000
104, 29, 1.800000, 52.700000
104, 30, 1.800000, 52.800000
104, 31, 1.800000, 52.900000
104, 32, 1.800000, 53.000000
104, 33, 1.800000, 53.100000
104, 34, 1.800000, 53.200000
104, 35, 1.800000, 53.300000
104, 36, 1.800000, 53.400000
104, 37, 1.800000, 53.500000
104, 38, 1.800000, 53.600000
104, 39, 1.800000, 53.700000
104, 40, 1.800000, 53.800000
104, 41, 1.800000, 53.900000
104, 42, 1.800000, 54.000000
104, 43, 1.800000, 54.100000
104, 44, 1.800000, 54.200000
104, 45, 1.800000, 54.300000
104, 46, 1.800000, 54.400000
104, 47, 1.800000, 54.500000
104, 48, 1.800000, 54.600000
104, 49, 1.800000, 54.700000
104, 50, 1.800000, 54.800000
104, 51, 1.800000, 54.900000
104, 52, 1.800000, 55.000000
104, 53, 1.800000, 55.100000
104, 54, 1.800000, 55.200000
104, 55, 1.800000, 55.300000
104, 56, 1.800000, 55.400000
104, 57, 1.800000, 55.500000
104, 58, 1.800000, 55.600000
104, 59, 1.800000, 55.700000
104, 60, 1.800000, 55.800000
104, 61, 1.800000, 55.900000
104, 62, 1.800000, 56.000000
104, 63, 1.800000, 56.100000
104, 64, 1.800000, 56.200000
104, 65, 1.800000, 56.300000
104, 66, 1.800000, 56.400000
104, 67, 1.800000, 56.500000
104, 68, 1.800000, 56.600000
104, 69, 1.800000, 56.700000
104, 70, 1.800000, 56.800000
104, 71, 1.800000, 56.900000
104, 72, 1.800000, 57.000000
104, 73, 1.800000, 57.100000
104, 74, 1.800000, 57.200000
104, 75, 1.800000, 57.300000
104, 76, 1.800000, 57.400000
104, 77, 1.800000, 57.500000
104, 78, 1.800000, 57.600000
104, 79, 1.800000, 57.700000
104, 80, 1.800000, 57.800000
104, 81, 1.800000, 57.900000
104, 82, 1.800000, 58.000000
104, 83, 1.800000, 58.100000
104, 84, 1.800000, 58.200000
104, 85, 1.800000, 58.300000
104, 86, 1.800000, 58.400000
104, 87, 1.800000, 58.500000
104, 88, 1.800000, 58.600000
104, 89, 1.800000, 58.700000
104, 90, 1.800000, 58.800000
104, 91, 1.800000, 58.900000
104, 92, 1.800000, 59.000000
104, 93, 1.800000, 59.100000
104, 94, 1.800000, 59.200000
104, 95, 1.800000, 59.300000
104, 96, 1.800000, 59.400000
104, 97, 1.800000, 59.500000
104, 98, 1.800000, 59.600000
104, 99, 1.800000, 59.700000
104, 100, 1.800000, 59.800000
104, 101, 1.800000, 59.900000
104, 102, 1.800000, 60.000000
104, 103, 1.800000, 60.100000
104, 104, 1.800000, 60.200000
104, 105, 1.800000, 60.300000
